function dFeV = dFe_2412V(E,nu,Lz,in4,in5,xi,eta)
%dFe_2412V
%    dFeV = dFe_2412V(E,NU,Lz,IN4,IN5,XI,ETA)

%    This function was generated by the Symbolic Math Toolbox version 24.1.
%    20-Jan-2025 21:47:06

X1 = in5(1,:);
X2 = in5(2,:);
X3 = in5(3,:);
X4 = in5(4,:);
X5 = in5(5,:);
X6 = in5(6,:);
X7 = in5(7,:);
X8 = in5(8,:);
u1 = in4(1,:);
u2 = in4(3,:);
u3 = in4(5,:);
u4 = in4(7,:);
v1 = in4(2,:);
v2 = in4(4,:);
v3 = in4(6,:);
v4 = in4(8,:);
t2 = X1.*X4;
t3 = X2.*X3;
t4 = X1.*X8;
t5 = X2.*X7;
t6 = X3.*X6;
t7 = X4.*X5;
t8 = X5.*X8;
t9 = X6.*X7;
t10 = X1.*eta;
t11 = X2.*eta;
t12 = X3.*eta;
t13 = X4.*eta;
t14 = X5.*eta;
t15 = X6.*eta;
t16 = X7.*eta;
t17 = X8.*eta;
t18 = X1.*xi;
t19 = X2.*xi;
t20 = X3.*xi;
t21 = X4.*xi;
t22 = X5.*xi;
t23 = X6.*xi;
t24 = X7.*xi;
t25 = X8.*xi;
t26 = nu.^2;
t43 = -X3;
t44 = -X4;
t45 = -X5;
t46 = -X6;
t47 = -X7;
t48 = -X8;
t61 = eta./4.0;
t62 = xi./4.0;
t27 = eta.*t2;
t28 = eta.*t3;
t29 = X6.*t10;
t30 = X5.*t11;
t31 = X8.*t12;
t32 = X7.*t13;
t33 = eta.*t8;
t34 = eta.*t9;
t35 = X6.*t18;
t36 = X5.*t19;
t37 = t4.*xi;
t38 = t5.*xi;
t39 = t6.*xi;
t40 = t7.*xi;
t41 = X8.*t20;
t42 = X7.*t21;
t49 = -t3;
t50 = -t4;
t51 = -t7;
t52 = -t9;
t53 = -t10;
t54 = -t11;
t55 = -t14;
t56 = -t15;
t57 = -t18;
t58 = -t19;
t59 = -t22;
t60 = -t23;
t63 = t26-1.0;
t72 = t2./8.0;
t73 = t3./8.0;
t74 = t4./8.0;
t75 = t5./8.0;
t76 = t6./8.0;
t77 = t7./8.0;
t78 = t8./8.0;
t79 = t9./8.0;
t100 = t61+1.0./4.0;
t101 = t62+1.0./4.0;
t111 = t61-1.0./4.0;
t112 = t62-1.0./4.0;
t64 = -t27;
t65 = -t30;
t66 = -t31;
t67 = -t34;
t68 = -t35;
t69 = -t38;
t70 = -t40;
t71 = -t41;
t84 = t27./8.0;
t85 = t28./8.0;
t86 = t29./8.0;
t87 = t30./8.0;
t88 = t31./8.0;
t89 = t32./8.0;
t90 = t33./8.0;
t91 = t34./8.0;
t92 = t35./8.0;
t93 = t36./8.0;
t94 = t37./8.0;
t95 = t38./8.0;
t96 = t39./8.0;
t97 = t40./8.0;
t98 = t41./8.0;
t99 = t42./8.0;
t110 = 1.0./t63;
t113 = t101.*u2;
t114 = t101.*u3;
t115 = t101.*v2;
t116 = t101.*v3;
t117 = t100.*u3;
t118 = t100.*u4;
t119 = t100.*v3;
t120 = t100.*v4;
t121 = t112.*u1;
t122 = t112.*u4;
t123 = t112.*v1;
t124 = t112.*v4;
t125 = t111.*u1;
t126 = t111.*u2;
t127 = t111.*v1;
t128 = t111.*v2;
t137 = X1+X3+t20+t24+t45+t47+t57+t59;
t138 = X2+X4+t21+t25+t46+t48+t58+t60;
t139 = X1+X7+t12+t16+t43+t45+t53+t55;
t140 = X2+X8+t13+t17+t44+t46+t54+t56;
t102 = -t84;
t103 = -t87;
t104 = -t88;
t105 = -t91;
t106 = -t92;
t107 = -t95;
t108 = -t97;
t109 = -t98;
t131 = -t118;
t132 = -t120;
t135 = -t126;
t136 = -t128;
t145 = t2+t5+t6+t8+t28+t29+t32+t33+t36+t37+t39+t42+t49+t50+t51+t52+t64+t65+t66+t67+t68+t69+t70+t71;
t141 = t117+t125+t131+t135;
t142 = t119+t127+t132+t136;
t146 = 1.0./t145;
t147 = t100.*t140.*t146.*2.0;
t148 = t101.*t139.*t146.*2.0;
t149 = t100.*t138.*t146.*2.0;
t150 = t101.*t137.*t146.*2.0;
t151 = t111.*t140.*t146.*2.0;
t153 = t112.*t139.*t146.*2.0;
t155 = t111.*t138.*t146.*2.0;
t156 = t112.*t137.*t146.*2.0;
t162 = t138.*t142.*t146.*2.0;
t163 = t137.*t146.*(t113-t114-t121+t122).*-2.0;
t165 = t140.*t141.*t146.*2.0;
t166 = t140.*t142.*t146.*2.0;
t168 = t138.*t141.*t146.*2.0;
t169 = t139.*t146.*(t115-t116-t123+t124).*2.0;
t170 = t137.*t146.*(t115-t116-t123+t124).*2.0;
t173 = t139.*t146.*(t113-t114-t121+t122).*2.0;
t154 = -t148;
t157 = -t150;
t158 = -t151;
t159 = -t153;
t160 = -t156;
t174 = -t168;
t183 = t165+t173;
t186 = t162+t170;
t187 = (t168+t137.*t146.*(t113-t114-t121+t122).*2.0).^2;
t190 = (t166+t169).^2;
t199 = (t168+t137.*t146.*(t113-t114-t121+t122).*2.0).*(t150-t155);
t175 = t149+t157;
t176 = t147+t154;
t177 = t155+t157;
t178 = t149+t160;
t180 = t147+t159;
t181 = t155+t160;
t182 = t151+t159;
t185 = t163+t174;
t188 = t186.^2;
t189 = t183.^2;
t191 = t187./2.0;
t194 = t190./2.0;
t197 = (t148+t158).*(t166+t169);
t192 = t188./2.0;
t193 = t189./2.0;
t205 = t177+t199;
t207 = t148+t158+t197;
t211 = t185+t191+t192;
t212 = t166+t169+t193+t194;
t213 = (E.*Lz.*t110.*t211)./2.0;
t214 = (E.*Lz.*t110.*t212)./2.0;
t215 = nu.*t213;
t216 = nu.*t214;
t217 = t213+t216;
t218 = t214+t215;
mt1 = [-(t217.*(-t155+t156+t181.*(t168+t137.*t146.*(t113-t114-t121+t122).*2.0))+t211.*((E.*Lz.*t110.*(-t155+t156+t181.*(t168+t137.*t146.*(t113-t114-t121+t122).*2.0)))./2.0+(E.*Lz.*nu.*t110.*t182.*t183)./2.0)+t212.*((E.*Lz.*t110.*t182.*t183)./2.0+(E.*Lz.*nu.*t110.*(-t155+t156+t181.*(t168+t137.*t146.*(t113-t114-t121+t122).*2.0)))./2.0)+t182.*t183.*t218).*(t72-t73-t74+t75+t76-t77+t78-t79+t85+t86+t89+t90+t93+t94+t96+t99+t102+t103+t104+t105+t106+t107+t108+t109)];
mt2 = [-(t211.*((E.*Lz.*t110.*t181.*t186)./2.0+(E.*Lz.*nu.*t110.*(t182+t182.*(t166+t169)))./2.0)+t212.*((E.*Lz.*t110.*(t182+t182.*(t166+t169)))./2.0+(E.*Lz.*nu.*t110.*t181.*t186)./2.0)+t218.*(t182+t182.*(t166+t169))+t181.*t186.*t217).*(t72-t73-t74+t75+t76-t77+t78-t79+t85+t86+t89+t90+t93+t94+t96+t99+t102+t103+t104+t105+t106+t107+t108+t109)];
mt3 = [-(t205.*t217+t211.*((E.*Lz.*t110.*t205)./2.0+(E.*Lz.*nu.*t110.*t183.*(t148+t158))./2.0)+t212.*((E.*Lz.*t110.*t183.*(t148+t158))./2.0+(E.*Lz.*nu.*t110.*t205)./2.0)+t183.*t218.*(t148+t158)).*(t72-t73-t74+t75+t76-t77+t78-t79+t85+t86+t89+t90+t93+t94+t96+t99+t102+t103+t104+t105+t106+t107+t108+t109)];
mt4 = [-(t207.*t218+t211.*((E.*Lz.*nu.*t110.*t207)./2.0+(E.*Lz.*t110.*t186.*(t150-t155))./2.0)+t212.*((E.*Lz.*t110.*t207)./2.0+(E.*Lz.*nu.*t110.*t186.*(t150-t155))./2.0)+t186.*t217.*(t150-t155)).*(t72-t73-t74+t75+t76-t77+t78-t79+t85+t86+t89+t90+t93+t94+t96+t99+t102+t103+t104+t105+t106+t107+t108+t109)];
mt5 = [-(t217.*(-t149+t150+t175.*(t168+t137.*t146.*(t113-t114-t121+t122).*2.0))+t211.*((E.*Lz.*t110.*(-t149+t150+t175.*(t168+t137.*t146.*(t113-t114-t121+t122).*2.0)))./2.0+(E.*Lz.*nu.*t110.*t176.*t183)./2.0)+t212.*((E.*Lz.*t110.*t176.*t183)./2.0+(E.*Lz.*nu.*t110.*(-t149+t150+t175.*(t168+t137.*t146.*(t113-t114-t121+t122).*2.0)))./2.0)+t176.*t183.*t218).*(t72-t73-t74+t75+t76-t77+t78-t79+t85+t86+t89+t90+t93+t94+t96+t99+t102+t103+t104+t105+t106+t107+t108+t109)];
mt6 = [-(t211.*((E.*Lz.*t110.*t175.*t186)./2.0+(E.*Lz.*nu.*t110.*(t176+t176.*(t166+t169)))./2.0)+t212.*((E.*Lz.*t110.*(t176+t176.*(t166+t169)))./2.0+(E.*Lz.*nu.*t110.*t175.*t186)./2.0)+t218.*(t176+t176.*(t166+t169))+t175.*t186.*t217).*(t72-t73-t74+t75+t76-t77+t78-t79+t85+t86+t89+t90+t93+t94+t96+t99+t102+t103+t104+t105+t106+t107+t108+t109)];
mt7 = [(t217.*(-t149+t156+t178.*(t168+t137.*t146.*(t113-t114-t121+t122).*2.0))+t211.*((E.*Lz.*t110.*(-t149+t156+t178.*(t168+t137.*t146.*(t113-t114-t121+t122).*2.0)))./2.0+(E.*Lz.*nu.*t110.*t180.*t183)./2.0)+t212.*((E.*Lz.*t110.*t180.*t183)./2.0+(E.*Lz.*nu.*t110.*(-t149+t156+t178.*(t168+t137.*t146.*(t113-t114-t121+t122).*2.0)))./2.0)+t180.*t183.*t218).*(t72-t73-t74+t75+t76-t77+t78-t79+t85+t86+t89+t90+t93+t94+t96+t99+t102+t103+t104+t105+t106+t107+t108+t109)];
mt8 = [(t211.*((E.*Lz.*t110.*t178.*t186)./2.0+(E.*Lz.*nu.*t110.*(t180+t180.*(t166+t169)))./2.0)+t212.*((E.*Lz.*t110.*(t180+t180.*(t166+t169)))./2.0+(E.*Lz.*nu.*t110.*t178.*t186)./2.0)+t218.*(t180+t180.*(t166+t169))+t178.*t186.*t217).*(t72-t73-t74+t75+t76-t77+t78-t79+t85+t86+t89+t90+t93+t94+t96+t99+t102+t103+t104+t105+t106+t107+t108+t109)];
dFeV = [mt1,mt2,mt3,mt4,mt5,mt6,mt7,mt8];
end
