function nablau = nabla_u_2412(in1,in2,xi,eta)
%NABLA_U_2412
%    NABLAU = NABLA_U_2412(IN1,IN2,XI,ETA)

%    This function was generated by the Symbolic Math Toolbox version 24.2.
%    03-Feb-2025 13:41:16

X1 = in2(1,:);
X2 = in2(2,:);
X3 = in2(3,:);
X4 = in2(4,:);
X5 = in2(5,:);
X6 = in2(6,:);
X7 = in2(7,:);
X8 = in2(8,:);
u1 = in1(1,:);
u2 = in1(3,:);
u3 = in1(5,:);
u4 = in1(7,:);
v1 = in1(2,:);
v2 = in1(4,:);
v3 = in1(6,:);
v4 = in1(8,:);
t2 = X1.*X4;
t3 = X2.*X3;
t4 = X1.*X8;
t5 = X2.*X7;
t6 = X3.*X6;
t7 = X4.*X5;
t8 = X5.*X8;
t9 = X6.*X7;
t10 = X1.*eta;
t11 = X2.*eta;
t12 = X3.*eta;
t13 = X4.*eta;
t14 = X5.*eta;
t15 = X6.*eta;
t16 = X7.*eta;
t17 = X8.*eta;
t18 = X1.*xi;
t19 = X2.*xi;
t20 = X3.*xi;
t21 = X4.*xi;
t22 = X5.*xi;
t23 = X6.*xi;
t24 = X7.*xi;
t25 = X8.*xi;
t42 = -X3;
t43 = -X4;
t44 = -X5;
t45 = -X6;
t46 = -X7;
t47 = -X8;
t60 = eta./4.0;
t61 = xi./4.0;
t26 = eta.*t2;
t27 = eta.*t3;
t28 = X6.*t10;
t29 = X5.*t11;
t30 = X8.*t12;
t31 = X7.*t13;
t32 = eta.*t8;
t33 = eta.*t9;
t34 = X6.*t18;
t35 = X5.*t19;
t36 = t4.*xi;
t37 = t5.*xi;
t38 = t6.*xi;
t39 = t7.*xi;
t40 = X8.*t20;
t41 = X7.*t21;
t48 = -t3;
t49 = -t4;
t50 = -t7;
t51 = -t9;
t52 = -t10;
t53 = -t11;
t54 = -t14;
t55 = -t15;
t56 = -t18;
t57 = -t19;
t58 = -t22;
t59 = -t23;
t70 = t60+1.0./4.0;
t71 = t61+1.0./4.0;
t72 = t60-1.0./4.0;
t73 = t61-1.0./4.0;
t62 = -t26;
t63 = -t29;
t64 = -t30;
t65 = -t33;
t66 = -t34;
t67 = -t37;
t68 = -t39;
t69 = -t40;
t74 = t71.*u2;
t75 = t71.*u3;
t76 = t71.*v2;
t77 = t71.*v3;
t78 = t70.*u3;
t79 = t70.*u4;
t80 = t70.*v3;
t81 = t70.*v4;
t82 = t73.*u1;
t83 = t73.*u4;
t84 = t73.*v1;
t85 = t73.*v4;
t86 = t72.*u1;
t87 = t72.*u2;
t88 = t72.*v1;
t89 = t72.*v2;
t98 = X1+X3+t20+t24+t44+t46+t56+t58;
t99 = X2+X4+t21+t25+t45+t47+t57+t59;
t100 = X1+X7+t12+t16+t42+t44+t52+t54;
t101 = X2+X8+t13+t17+t43+t45+t53+t55;
t92 = -t79;
t93 = -t81;
t96 = -t87;
t97 = -t89;
t106 = t2+t5+t6+t8+t27+t28+t31+t32+t35+t36+t38+t41+t48+t49+t50+t51+t62+t63+t64+t65+t66+t67+t68+t69;
t102 = t78+t86+t92+t96;
t103 = t80+t88+t93+t97;
t107 = 1.0./t106;
nablau = reshape([t98.*t107.*(t74-t75-t82+t83).*-2.0-t99.*t102.*t107.*2.0,t98.*t107.*(t76-t77-t84+t85).*-2.0-t99.*t103.*t107.*2.0,t100.*t107.*(t74-t75-t82+t83).*2.0+t101.*t102.*t107.*2.0,t100.*t107.*(t76-t77-t84+t85).*2.0+t101.*t103.*t107.*2.0],[2,2]);
end
