function nabla_sigma = nabla_sigma_2412(E,nu,in3,in4,xi,eta)
%NABLA_SIGMA_2412
%    NABLA_SIGMA = NABLA_SIGMA_2412(E,NU,IN3,IN4,XI,ETA)

%    This function was generated by the Symbolic Math Toolbox version 24.2.
%    20-Mar-2025 14:47:26

X1 = in4(1,:);
X2 = in4(2,:);
X3 = in4(3,:);
X4 = in4(4,:);
X5 = in4(5,:);
X6 = in4(6,:);
X7 = in4(7,:);
X8 = in4(8,:);
u1 = in3(1,:);
u2 = in3(3,:);
u3 = in3(5,:);
u4 = in3(7,:);
v1 = in3(2,:);
v2 = in3(4,:);
v3 = in3(6,:);
v4 = in3(8,:);
t2 = X1.*X4;
t3 = X2.*X3;
t4 = X1.*X6;
t5 = X2.*X5;
t6 = X1.*X8;
t7 = X2.*X7;
t8 = X3.*X6;
t9 = X4.*X5;
t10 = X3.*X8;
t11 = X4.*X7;
t12 = X5.*X8;
t13 = X6.*X7;
t14 = X1.*eta;
t15 = X2.*eta;
t16 = X3.*eta;
t17 = X4.*eta;
t18 = X5.*eta;
t19 = X6.*eta;
t20 = X7.*eta;
t21 = X8.*eta;
t22 = X1.*xi;
t23 = X2.*xi;
t24 = X3.*xi;
t25 = X4.*xi;
t26 = X5.*xi;
t27 = X6.*xi;
t28 = X7.*xi;
t29 = X8.*xi;
t30 = nu.^2;
t47 = -X3;
t48 = -X4;
t49 = -X5;
t50 = -X6;
t51 = -X7;
t52 = -X8;
t70 = eta./4.0;
t71 = nu./2.0;
t72 = u1./4.0;
t73 = u2./4.0;
t74 = u3./4.0;
t75 = u4./4.0;
t76 = v1./4.0;
t77 = v2./4.0;
t78 = v3./4.0;
t79 = v4./4.0;
t80 = xi./4.0;
t31 = eta.*t2;
t32 = eta.*t3;
t33 = eta.*t4;
t34 = eta.*t5;
t35 = eta.*t10;
t36 = eta.*t11;
t37 = eta.*t12;
t38 = eta.*t13;
t39 = t4.*xi;
t40 = t5.*xi;
t41 = t6.*xi;
t42 = t7.*xi;
t43 = t8.*xi;
t44 = t9.*xi;
t45 = t10.*xi;
t46 = t11.*xi;
t53 = -t3;
t54 = -t4;
t55 = -t5;
t56 = -t6;
t57 = -t8;
t58 = -t9;
t59 = -t11;
t60 = -t12;
t61 = -t13;
t62 = -t14;
t63 = -t15;
t64 = -t18;
t65 = -t19;
t66 = -t22;
t67 = -t23;
t68 = -t26;
t69 = -t27;
t81 = t30-1.0;
t90 = -t73;
t91 = -t75;
t92 = -t77;
t93 = -t79;
t94 = t70+1.0./4.0;
t95 = t80+1.0./4.0;
t97 = t70-1.0./4.0;
t98 = t71-1.0./2.0;
t99 = t80-1.0./4.0;
t104 = X1+X5+t47+t51;
t105 = X2+X6+t48+t52;
t82 = -t31;
t83 = -t34;
t84 = -t35;
t85 = -t38;
t86 = -t39;
t87 = -t42;
t88 = -t44;
t89 = -t45;
t96 = 1.0./t81;
t100 = t95.*u2;
t101 = t95.*u3;
t102 = t95.*v2;
t103 = t95.*v3;
t106 = t94.*u3;
t107 = t94.*u4;
t108 = t94.*v3;
t109 = t94.*v4;
t110 = t99.*u1;
t111 = t99.*u4;
t112 = t99.*v1;
t113 = t99.*v4;
t114 = t97.*u1;
t115 = t97.*u2;
t116 = t97.*v1;
t117 = t97.*v2;
t126 = t72+t74+t90+t91;
t127 = t76+t78+t92+t93;
t128 = X1+X3+t24+t28+t49+t51+t66+t68;
t129 = X2+X4+t25+t29+t50+t52+t67+t69;
t130 = X1+X7+t16+t20+t47+t49+t62+t64;
t131 = X2+X8+t17+t21+t48+t50+t63+t65;
t132 = t2+t5+t10+t13+t53+t54+t59+t60;
t133 = t4+t7+t9+t10+t55+t56+t57+t59;
t120 = -t107;
t121 = -t109;
t124 = -t115;
t125 = -t117;
t138 = t2+t7+t8+t12+t32+t33+t36+t37+t40+t41+t43+t46+t53+t56+t58+t61+t82+t83+t84+t85+t86+t87+t88+t89;
t134 = t106+t114+t120+t124;
t135 = t108+t116+t121+t125;
t139 = 1.0./t138;
t140 = t139.^2;
t141 = t126.*t130.*t139.*2.0;
t142 = t126.*t131.*t139.*2.0;
t143 = t127.*t130.*t139.*2.0;
t144 = t127.*t131.*t139.*2.0;
t145 = t126.*t128.*t139.*2.0;
t146 = t126.*t129.*t139.*2.0;
t147 = t127.*t128.*t139.*2.0;
t148 = t127.*t129.*t139.*2.0;
t151 = t105.*t134.*t139.*2.0;
t152 = t105.*t135.*t139.*2.0;
t153 = t104.*t139.*(t100-t101-t110+t111).*-2.0;
t154 = t104.*t139.*(t102-t103-t112+t113).*-2.0;
t157 = t104.*t139.*(t100-t101-t110+t111).*2.0;
t158 = t104.*t139.*(t102-t103-t112+t113).*2.0;
t160 = t129.*t135.*t139.*2.0;
t163 = t131.*t134.*t139.*2.0;
t164 = t131.*t135.*t139.*2.0;
t166 = t129.*t134.*t139.*2.0;
t167 = t128.*t139.*(t102-t103-t112+t113).*2.0;
t169 = t130.*t139.*(t100-t101-t110+t111).*2.0;
t149 = -t141;
t150 = -t142;
t155 = -t151;
t156 = -t152;
t172 = t128.*t133.*t140.*(t100-t101-t110+t111).*-2.0;
t174 = t128.*t133.*t140.*(t102-t103-t112+t113).*-2.0;
t175 = t131.*t132.*t134.*t140.*2.0;
t176 = t131.*t133.*t134.*t140.*2.0;
t177 = t131.*t132.*t135.*t140.*2.0;
t178 = t131.*t133.*t135.*t140.*2.0;
t179 = t130.*t132.*t140.*(t100-t101-t110+t111).*-2.0;
t181 = t129.*t132.*t134.*t140.*2.0;
t182 = t129.*t133.*t134.*t140.*2.0;
t185 = t129.*t132.*t135.*t140.*2.0;
t186 = t129.*t133.*t135.*t140.*2.0;
t187 = t128.*t132.*t140.*(t100-t101-t110+t111).*2.0;
t188 = t128.*t132.*t140.*(t102-t103-t112+t113).*2.0;
t192 = t130.*t132.*t140.*(t100-t101-t110+t111).*2.0;
t193 = t130.*t133.*t140.*(t100-t101-t110+t111).*2.0;
t195 = t130.*t132.*t140.*(t102-t103-t112+t113).*2.0;
t197 = t163+t169;
t200 = t160+t167;
t189 = -t175;
t194 = -t182;
t196 = -t186;
t201 = t146+t181+t187;
t202 = t148+t185+t188;
t207 = t142+t153+t155+t175+t192;
t208 = t144+t154+t156+t177+t195;
t209 = -t200.*(-t143+t178+t130.*t133.*t140.*(t102-t103-t112+t113).*2.0);
t213 = (t164+t130.*t139.*(t102-t103-t112+t113).*2.0).*(-t143+t178+t130.*t133.*t140.*(t102-t103-t112+t113).*2.0);
t216 = (t166+t128.*t139.*(t100-t101-t110+t111).*2.0).*(t149+t176+t193);
t205 = t145+t151+t157+t172+t194;
t206 = t147+t152+t158+t174+t196;
t210 = t197.*t201;
t215 = t200.*t202;
t217 = t202.*(t164+t130.*t139.*(t102-t103-t112+t113).*2.0);
t220 = -t216;
t223 = t197.*t207;
t228 = t200.*t208;
t230 = t208.*(t164+t130.*t139.*(t102-t103-t112+t113).*2.0);
t232 = t207.*(t166+t128.*t139.*(t100-t101-t110+t111).*2.0);
t236 = -E.*t96.*(-t143+t178+t213+t197.*(t149+t176+t193)+t130.*t133.*t140.*(t102-t103-t112+t113).*2.0);
t221 = t197.*t205;
t226 = t200.*t206;
t229 = t206.*(t164+t130.*t139.*(t102-t103-t112+t113).*2.0);
t238 = nu.*t236;
t239 = E.*nu.*t96.*(-t201+t215+t201.*(t166+t128.*t139.*(t100-t101-t110+t111).*2.0));
t241 = t208+t223+t230;
t249 = t150+t151+t157+t179+t189+t202+t210+t217+t228+t232;
t243 = -E.*t96.*(-t145+t153+t155+t182+t226+t205.*(t166+t128.*t139.*(t100-t101-t110+t111).*2.0)+t128.*t133.*t140.*(t100-t101-t110+t111).*2.0);
t244 = E.*t96.*t241;
t250 = t149+t176+t193+t206+t209+t220+t221+t229;
t245 = nu.*t243;
t246 = nu.*t244;
t253 = t239+t244;
mt1 = [t128.*t139.*(t246+E.*t96.*(-t201+t215+t201.*(t166+t128.*t139.*(t100-t101-t110+t111).*2.0))).*-2.0-t129.*t139.*(t238+E.*t96.*(-t145+t153+t155+t182+t226+t205.*(t166+t128.*t139.*(t100-t101-t110+t111).*2.0)+t128.*t133.*t140.*(t100-t101-t110+t111).*2.0)).*2.0,t129.*t139.*(t245+E.*t96.*(-t143+t178+t213+t197.*(t149+t176+t193)+t130.*t133.*t140.*(t102-t103-t112+t113).*2.0)).*2.0-t128.*t139.*t253.*2.0,E.*t96.*t98.*t128.*t139.*t249.*-2.0-E.*t96.*t98.*t129.*t139.*t250.*2.0];
mt2 = [t130.*t139.*(t246+E.*t96.*(-t201+t215+t201.*(t166+t128.*t139.*(t100-t101-t110+t111).*2.0))).*2.0+t131.*t139.*(t238+E.*t96.*(-t145+t153+t155+t182+t226+t205.*(t166+t128.*t139.*(t100-t101-t110+t111).*2.0)+t128.*t133.*t140.*(t100-t101-t110+t111).*2.0)).*2.0,t131.*t139.*(t245+E.*t96.*(-t143+t178+t213+t197.*(t149+t176+t193)+t130.*t133.*t140.*(t102-t103-t112+t113).*2.0)).*-2.0+t130.*t139.*t253.*2.0,E.*t96.*t98.*t130.*t139.*t249.*2.0+E.*t96.*t98.*t131.*t139.*t250.*2.0];
nabla_sigma = reshape([mt1,mt2],3,2);
end
