function Sigma = Sigma_2412(E,nu,in3,in4,xi,eta)
%Sigma_2412
%    Sigma = Sigma_2412(E,NU,IN3,IN4,XI,ETA)

%    This function was generated by the Symbolic Math Toolbox version 24.2.
%    20-Mar-2025 15:01:27

X1 = in4(1,:);
X2 = in4(2,:);
X3 = in4(3,:);
X4 = in4(4,:);
X5 = in4(5,:);
X6 = in4(6,:);
X7 = in4(7,:);
X8 = in4(8,:);
u1 = in3(1,:);
u2 = in3(3,:);
u3 = in3(5,:);
u4 = in3(7,:);
v1 = in3(2,:);
v2 = in3(4,:);
v3 = in3(6,:);
v4 = in3(8,:);
t2 = X1.*X4;
t3 = X2.*X3;
t4 = X1.*X8;
t5 = X2.*X7;
t6 = X3.*X6;
t7 = X4.*X5;
t8 = X5.*X8;
t9 = X6.*X7;
t10 = X1.*eta;
t11 = X2.*eta;
t12 = X3.*eta;
t13 = X4.*eta;
t14 = X5.*eta;
t15 = X6.*eta;
t16 = X7.*eta;
t17 = X8.*eta;
t18 = X1.*xi;
t19 = X2.*xi;
t20 = X3.*xi;
t21 = X4.*xi;
t22 = X5.*xi;
t23 = X6.*xi;
t24 = X7.*xi;
t25 = X8.*xi;
t26 = nu.^2;
t43 = -X3;
t44 = -X4;
t45 = -X5;
t46 = -X6;
t47 = -X7;
t48 = -X8;
t61 = eta./4.0;
t62 = nu./2.0;
t63 = xi./4.0;
t27 = eta.*t2;
t28 = eta.*t3;
t29 = X6.*t10;
t30 = X5.*t11;
t31 = X8.*t12;
t32 = X7.*t13;
t33 = eta.*t8;
t34 = eta.*t9;
t35 = X6.*t18;
t36 = X5.*t19;
t37 = t4.*xi;
t38 = t5.*xi;
t39 = t6.*xi;
t40 = t7.*xi;
t41 = X8.*t20;
t42 = X7.*t21;
t49 = -t3;
t50 = -t4;
t51 = -t7;
t52 = -t9;
t53 = -t10;
t54 = -t11;
t55 = -t14;
t56 = -t15;
t57 = -t18;
t58 = -t19;
t59 = -t22;
t60 = -t23;
t64 = t26-1.0;
t73 = t61+1.0./4.0;
t74 = t63+1.0./4.0;
t76 = t61-1.0./4.0;
t77 = t62-1.0./2.0;
t78 = t63-1.0./4.0;
t65 = -t27;
t66 = -t30;
t67 = -t31;
t68 = -t34;
t69 = -t35;
t70 = -t38;
t71 = -t40;
t72 = -t41;
t75 = 1.0./t64;
t79 = t74.*u2;
t80 = t74.*u3;
t81 = t74.*v2;
t82 = t74.*v3;
t83 = t73.*u3;
t84 = t73.*u4;
t85 = t73.*v3;
t86 = t73.*v4;
t87 = t78.*u1;
t88 = t78.*u4;
t89 = t78.*v1;
t90 = t78.*v4;
t91 = t76.*u1;
t92 = t76.*u2;
t93 = t76.*v1;
t94 = t76.*v2;
t103 = X1+X3+t20+t24+t45+t47+t57+t59;
t104 = X2+X4+t21+t25+t46+t48+t58+t60;
t105 = X1+X7+t12+t16+t43+t45+t53+t55;
t106 = X2+X8+t13+t17+t44+t46+t54+t56;
t97 = -t84;
t98 = -t86;
t101 = -t92;
t102 = -t94;
t111 = t2+t5+t6+t8+t28+t29+t32+t33+t36+t37+t39+t42+t49+t50+t51+t52+t65+t66+t67+t68+t69+t70+t71+t72;
t107 = t83+t91+t97+t101;
t108 = t85+t93+t98+t102;
t112 = 1.0./t111;
t114 = t104.*t108.*t112.*2.0;
t115 = t103.*t112.*(t79-t80-t87+t88).*-2.0;
t117 = t106.*t107.*t112.*2.0;
t118 = t106.*t108.*t112.*2.0;
t119 = t105.*t112.*(t79-t80-t87+t88).*-2.0;
t120 = t104.*t107.*t112.*2.0;
t121 = t105.*t112.*(t81-t82-t89+t90).*2.0;
t123 = t103.*t112.*(t81-t82-t89+t90).*2.0;
t125 = t105.*t112.*(t79-t80-t87+t88).*2.0;
t126 = -t120;
t127 = t117+t125;
t130 = t114+t123;
t131 = (t120+t103.*t112.*(t79-t80-t87+t88).*2.0).^2;
t134 = (t118+t121).^2;
t129 = t115+t126;
t132 = t130.^2;
t133 = t127.^2;
t135 = t131./2.0;
t138 = t134./2.0;
t144 = -E.*t75.*t77.*(-t117+t119+t130+t130.*(t118+t121)+t127.*(t120+t103.*t112.*(t79-t80-t87+t88).*2.0));
t136 = t132./2.0;
t137 = t133./2.0;
t141 = t129+t135+t136;
t142 = t118+t121+t137+t138;
Sigma = reshape([-E.*t75.*t141-E.*nu.*t75.*t142,t144,t144,-E.*t75.*t142-E.*nu.*t75.*t141],[2,2]);
end
